0 0.0660326086957 0.664130434783 0.0679347826087 0.018115942029
0 0.198097826087 0.626449275362 0.0494565217391 0.018115942029
0 0.276086956522 0.707971014493 0.0913043478261 0.0304347826087
0 0.533152173913 0.639855072464 0.0402173913043 0.0130434782609
0 0.668206521739 0.685144927536 0.0364130434783 0.0239130434783
0 0.654891304348 0.63768115942 0.0260869565217 0.0115942028986
0 0.800815217391 0.697826086957 0.0429347826087 0.0202898550725
0 0.761413043478 0.665579710145 0.0184782608696 0.0108695652174
0 0.913043478261 0.570289855072 0.0141304347826 0.00579710144928
0 0.772010869565 0.588405797101 0.0114130434783 0.00434782608696
