0 0.447554347826 0.65 0.0744565217391 0.0217391304348
0 0.258967391304 0.630434782609 0.0516304347826 0.0144927536232
0 0.360869565217 0.604710144928 0.0358695652174 0.0108695652174
0 0.467663043478 0.685507246377 0.0483695652174 0.0260869565217
0 0.632880434783 0.605797101449 0.0288043478261 0.00724637681159
0 0.736956521739 0.631884057971 0.0336956521739 0.0144927536232
0 0.828260869565 0.640942028986 0.0304347826087 0.0123188405797
0 0.807880434783 0.621739130435 0.016847826087 0.00724637681159
0 0.728804347826 0.60652173913 0.0184782608696 0.00579710144928
0 0.842391304348 0.572826086957 0.020652173913 0.0108695652174
