0 0.720108695652 0.671376811594 0.0728260869565 0.0282608695652
0 0.785054347826 0.697463768116 0.0603260869565 0.0224637681159
0 0.807880434783 0.592028985507 0.0201086956522 0.00579710144928
0 0.758152173913 0.584420289855 0.0173913043478 0.00652173913043
0 0.773369565217 0.576449275362 0.0130434782609 0.00507246376812
0 0.706793478261 0.572826086957 0.016847826087 0.00652173913043
0 0.600543478261 0.596014492754 0.0195652173913 0.00507246376812
0 0.592934782609 0.586594202899 0.0413043478261 0.00652173913043
0 0.526358695652 0.569202898551 0.0222826086957 0.00507246376812
0 0.465760869565 0.579710144928 0.0282608695652 0.00579710144928
0 0.547010869565 0.544565217391 0.00923913043478 0.00652173913043
